using .Curvature
using Flux
using Flux.Optimise: Adam, update!
using Flux.Optimisers: destructure
using LinearAlgebra

mutable struct Laplace <: BaseLaplace
    model::Flux.Chain
    likelihood::Symbol
    subset_of_weights::Symbol
    hessian_structure::Symbol
    curvature::Union{Curvature.CurvatureInterface,Nothing}
    σ::Real
    μ₀::Real
    μ::AbstractVector
    P₀::Union{AbstractMatrix,UniformScaling}
    H::Union{AbstractArray,Nothing}
    P::Union{AbstractArray,Nothing}
    Σ::Union{AbstractArray,Nothing}
    n_params::Union{Int,Nothing}
    n_data::Union{Int,Nothing}
    n_out::Union{Int,Nothing}
    loss::Real
end

using Parameters

@with_kw struct LaplaceParams 
    subset_of_weights::Symbol=:all
    hessian_structure::Symbol=:full
    backend::Symbol=:EmpiricalFisher
    σ::Real=1.0
    μ₀::Real=0.0
    λ::Real=1.0
    P₀::Union{Nothing,AbstractMatrix,UniformScaling}=nothing
    loss::Real=0.0
end

"""
    Laplace(model::Any; loss_fun::Union{Symbol, Function}, kwargs...)    

Wrapper function to prepare Laplace approximation.
"""
function Laplace(model::Any; likelihood::Symbol, kwargs...) 

    # Load hyperparameters:
    args = LaplaceParams(;kwargs...)

    # Assertions:
    @assert !(args.σ != 1.0 && likelihood != :regression) "Observation noise σ ≠ 1 only available for regression."
    @assert args.subset_of_weights ∈ [:all, :last_layer] "`subset_of_weights` of weights should be one of the following: `[:all, :last_layer]`"

    # Setup:
    P₀ = isnothing(args.P₀) ? UniformScaling(args.λ) : args.P₀
    nn = model
    n_out = outdim(nn)
    μ = reduce(vcat, [vec(θ) for θ ∈ Flux.params(nn)])

    # Instantiate LA:
    la = Laplace(
        model, likelihood, 
        args.subset_of_weights, args.hessian_structure, nothing, 
        args.σ, args.μ₀, μ, P₀, 
        nothing, nothing, nothing, nothing, nothing,
        n_out, args.loss
    )

    # @assert outdim(la)==1 "Support for multi-class output still lacking, sorry. Currently only regression and binary classification models are supported."

    params = get_params(la)
    la.curvature = getfield(Curvature,args.backend)(nn,likelihood,params)   # curvature interface
    la.n_params = length(reduce(vcat, [vec(θ) for θ ∈ params]))             # number of params
    la.μ = la.μ[(end-la.n_params+1):end]                                    # adjust weight vector
    if typeof(la.P₀) <: UniformScaling
        la.P₀ = la.P₀(la.n_params)
    end

    # Sanity:
    if isa(la.P₀, AbstractMatrix)
        @assert all(size(la.P₀) .== la.n_params) "Dimensions of prior Hessian $(size(la.P₀)) do not align with number of parameters ($(la.n_params))"
    end

    return la

end



"""
    hessian_approximation(la::Laplace, d)

Computes the local Hessian approximation at a single data `d`.
"""
function hessian_approximation(la::Laplace, d)
    loss, H = getfield(Curvature, la.hessian_structure)(la.curvature,d)
    return loss, H
end

"""
    fit!(la::Laplace,data)

Fits the Laplace approximation for a data set.

# Examples

```julia-repl
using Flux, LaplaceRedux
x, y = LaplaceRedux.Data.toy_data_linear()
data = zip(x,y)
nn = Chain(Dense(2,1))
la = Laplace(nn)
fit!(la, data)
```

"""
function fit!(la::Laplace, data; override::Bool=true)

    if override
        H = _init_H(la)
        loss = 0.0
        n_data = 0
    end

    # Training:
    for d in data
        loss_batch, H_batch = hessian_approximation(la, d)
        loss += loss_batch
        H += H_batch
        n_data += 1
    end

    # Store output:
    la.loss = loss                      # Loss
    la.H = H                            # Hessian
    la.P = posterior_precision(la)      # posterior precision
    la.Σ = posterior_covariance(la)     # posterior covariance
    la.n_data = n_data                  # number of observations
    
end

"""
    glm_predictive_distribution(la::Laplace, X::AbstractArray)

Computes the linearized GLM predictive.
"""
function glm_predictive_distribution(la::Laplace, X::AbstractArray)
    𝐉, fμ = Curvature.jacobians(la.curvature,X)
    fvar = functional_variance(la,𝐉)
    fvar = reshape(fvar, size(fμ)...)
    return fμ, fvar
end

"""
    functional_variance(la::Laplace,𝐉)

Compute the linearized GLM predictive variance as `𝐉ₙΣ𝐉ₙ'` where `𝐉=∇f(x;θ)|θ̂` is the Jacobian evaluated at the MAP estimate and `Σ = P⁻¹`.

"""
function functional_variance(la::Laplace,𝐉)
    Σ = posterior_covariance(la)
    #Σ = get_posterior_covariance_py()
    #𝐉 = get_py_Jacobians()
    fvar = map(j -> (j' * Σ * j), eachcol(𝐉))
    return fvar
end

function get_posterior_covariance_py()
    py_posterior_cov = [[ 3.3274e+01, -2.7266e+00,  8.4388e-03,  1.8540e-02, -1.1284e-03,
         -2.1287e-04, -3.8825e-01,  5.2650e-03, -2.2294e-04,  1.2339e-02,
          9.1308e-02, -1.0260e-01,  1.0660e-01, -5.3066e-02,  3.3628e-02,
         -3.9588e-01,  3.9831e-01, -3.1048e-01,  2.7693e-01, -4.3659e-01,
          3.7945e-01,  9.4416e-02,  5.4464e-02, -5.9225e-02, -8.9692e-02],
        [-2.7266e+00,  2.3220e+01,  1.9330e-02,  1.1781e-01, -1.9358e-03,
         -1.1458e-03, -1.8955e+00,  1.4200e-02, -6.6012e-04, -1.6216e-02,
          4.7016e-01, -2.0177e-01, -1.0111e-01,  1.4675e-01,  2.1282e-01,
         -4.6803e-01,  9.4857e-01, -6.6480e-01,  5.8532e-01, -1.5656e+00,
          6.5376e-01,  3.9921e-01,  4.9346e-02,  2.5106e-01, -6.9977e-01],
        [ 8.4388e-03,  1.9330e-02,  3.4056e+01,  3.9143e-02, -1.7379e-04,
          1.5375e-05,  4.4017e-03, -8.3267e-03, -4.7615e-05,  8.3731e-03,
         -4.4691e-02, -5.0051e-02, -3.9282e-02,  7.8157e-02,  3.3268e-02,
          3.0069e-02, -3.7937e-02, -3.1201e-03,  8.4038e-04,  4.4699e-03,
          1.9902e-02, -3.1802e-02,  3.9319e-02, -1.1997e-02,  4.4789e-03],
        [ 1.8540e-02,  1.1781e-01,  3.9143e-02,  3.3889e+01, -1.6001e-05,
         -2.4928e-04,  1.8109e-02,  3.3265e-02,  1.3256e-05, -4.2082e-02,
          1.0711e-01,  2.5292e-01,  1.4193e-01, -3.0209e-01, -1.4153e-01,
         -6.5462e-02,  1.5390e-01, -2.8901e-02, -3.4389e-02,  4.1080e-02,
         -8.2486e-02,  8.9268e-02, -1.6284e-01,  7.1301e-02,  2.2765e-03],
        [-1.1284e-03, -1.9358e-03, -1.7379e-04, -1.6001e-05,  3.4052e+01,
         -7.6579e-04,  2.0983e-04, -1.4088e-04, -1.8089e-04, -9.2011e-03,
          1.8615e-02, -1.6306e-02,  2.4484e-02, -3.4714e-03, -2.0960e-02,
          6.3426e-03, -1.8383e-02,  2.3936e-02, -2.1625e-02,  3.2398e-03,
          1.3330e-02,  1.1378e-02,  2.0842e-02, -1.3848e-02, -1.8370e-02],
        [-2.1287e-04, -1.1458e-03,  1.5375e-05, -2.4928e-04, -7.6579e-04,
          3.4065e+01, -1.8571e-04,  2.6109e-07, -9.7910e-04, -4.2516e-04,
          7.3506e-03, -1.3440e-02, -3.0508e-03, -2.6473e-03,  1.5677e-02,
         -4.5657e-04, -5.3951e-03,  1.4884e-02,  3.9321e-03,  6.9198e-04,
         -1.7122e-02,  7.7192e-03, -5.6849e-03, -6.6078e-03,  4.5734e-03],
        [-3.8825e-01, -1.8955e+00,  4.4017e-03,  1.8109e-02,  2.0983e-04,
         -1.8571e-04,  3.3602e+01,  4.6404e-03, -2.0688e-04, -3.9687e-02,
          1.5119e-01,  4.7603e-02, -1.6761e-01,  1.0735e-01,  6.6709e-02,
          1.9709e-01,  9.1208e-02, -3.2212e-03,  1.0209e-02, -3.4977e-01,
         -1.1108e-01,  1.0223e-01, -5.9916e-02,  2.4552e-01, -2.8785e-01],
        [ 5.2650e-03,  1.4200e-02, -8.3267e-03,  3.3265e-02, -1.4088e-04,
          2.6109e-07,  4.6404e-03,  3.4059e+01, -3.9973e-05, -1.2262e-03,
         -3.1253e-02, -3.6876e-02, -2.2509e-02,  5.5042e-02,  2.5024e-02,
          1.8878e-02, -2.7282e-02, -3.4866e-03,  4.8561e-03,  3.4912e-03,
          1.5337e-02, -2.8734e-02,  3.3058e-02, -1.1936e-02,  7.6090e-03],
        [-2.2294e-04, -6.6012e-04, -4.7615e-05,  1.3256e-05, -1.8089e-04,
         -9.7910e-04, -2.0688e-04, -3.9973e-05,  3.4066e+01,  1.0219e-04,
          5.0625e-03, -7.0023e-03, -3.5060e-03, -1.2676e-03,  3.9209e-03,
         -1.3018e-03, -4.1619e-03,  6.3433e-03,  4.7055e-03,  3.6711e-04,
         -3.2619e-03,  5.7914e-03, -4.7529e-03, -6.0737e-03,  5.0351e-03],
        [ 1.2339e-02, -1.6216e-02,  8.3731e-03, -4.2082e-02, -9.2011e-03,
         -4.2516e-04, -3.9687e-02, -1.2262e-03,  1.0219e-04,  3.0220e+01,
          1.2269e+00,  6.0486e-01,  1.4705e+00, -3.9037e-01, -4.1223e-01,
          7.6472e-01, -7.1577e-01,  4.3990e-01,  1.6114e+00, -1.2078e-01,
         -6.3255e-01, -2.5189e+00,  1.0795e+00, -4.5586e-02,  1.4849e+00],
        [ 9.1308e-02,  4.7016e-01, -4.4691e-02,  1.0711e-01,  1.8615e-02,
          7.3506e-03,  1.5119e-01, -3.1253e-02,  5.0625e-03,  1.2269e+00,
          2.3801e+01, -2.2721e+00, -8.2082e-01,  2.8325e+00,  2.0655e+00,
         -5.5333e-01,  6.5400e+00, -1.1846e+00,  1.4720e-01,  8.9345e-01,
          1.3915e+00, -8.9200e+00,  2.0116e+00,  5.8889e+00,  1.0199e+00],
        [-1.0260e-01, -2.0177e-01, -5.0051e-02,  2.5292e-01, -1.6306e-02,
         -1.3440e-02,  4.7603e-02, -3.6876e-02, -7.0023e-03,  6.0486e-01,
         -2.2721e+00,  2.0960e+01,  3.7895e-02,  1.9443e+00,  2.1678e+00,
         -1.7726e+00,  6.3930e-01,  9.4700e+00,  1.1298e+00, -3.1135e-01,
          1.4690e+00, -1.8044e+00,  1.9848e+00, -1.0108e+00,  8.3061e-01],
        [ 1.0660e-01, -1.0111e-01, -3.9282e-02,  1.4193e-01,  2.4484e-02,
         -3.0508e-03, -1.6761e-01, -2.2509e-02, -3.5060e-03,  1.4705e+00,
         -8.2082e-01,  3.7895e-02,  2.2308e+01,  3.6671e+00, -1.3187e+00,
          4.2446e+00, -2.4512e+00,  5.3293e-01,  6.0429e+00, -3.9507e-01,
          7.4778e-01,  6.4080e-01, -8.1015e+00,  1.7980e+00,  5.6624e+00],
        [-5.3066e-02,  1.4675e-01,  7.8157e-02, -3.0209e-01, -3.4714e-03,
         -2.6473e-03,  1.0735e-01,  5.5042e-02, -1.2676e-03, -3.9037e-01,
          2.8325e+00,  1.9443e+00,  3.6671e+00,  2.6580e+01, -2.8913e+00,
         -2.8726e+00,  4.3056e+00,  2.6392e+00, -4.0408e-01,  3.4914e-01,
         -1.6920e+00,  2.4483e+00, -3.8118e+00,  1.4333e+00, -6.9457e-02],
        [ 3.3628e-02,  2.1282e-01,  3.3268e-02, -1.4153e-01, -2.0960e-02,
          1.5677e-02,  6.6709e-02,  2.5024e-02,  3.9209e-03, -4.1223e-01,
          2.0655e+00,  2.1678e+00, -1.3187e+00, -2.8913e+00,  1.8777e+01,
          2.6263e+00,  5.5376e-01,  3.4154e+00, -8.9540e-01,  2.7226e-01,
          9.7069e+00,  1.6512e+00, -4.2460e+00,  3.1990e+00, -6.0412e-01],
        [-3.9588e-01, -4.6803e-01,  3.0069e-02, -6.5462e-02,  6.3426e-03,
         -4.5657e-04,  1.9709e-01,  1.8878e-02, -1.3018e-03,  7.6472e-01,
         -5.5333e-01, -1.7726e+00,  4.2446e+00, -2.8726e+00,  2.6263e+00,
          2.6392e+01,  3.5898e+00, -2.8745e+00,  2.6652e+00, -1.6394e-01,
          2.0207e+00,  1.0287e-01,  1.3854e+00, -3.9955e+00,  2.5071e+00],
        [ 3.9831e-01,  9.4857e-01, -3.7937e-02,  1.5390e-01, -1.8383e-02,
         -5.3951e-03,  9.1208e-02, -2.7282e-02, -4.1619e-03, -7.1577e-01,
          6.5400e+00,  6.3930e-01, -2.4512e+00,  4.3056e+00,  5.5376e-01,
          3.5898e+00,  2.2495e+01, -1.2728e+00, -4.2282e-01,  7.2682e-01,
          8.0130e-02,  5.7544e+00,  1.8467e+00, -7.8918e+00,  2.9123e-01],
        [-3.1048e-01, -6.6480e-01, -3.1201e-03, -2.8901e-02,  2.3936e-02,
          1.4884e-02, -3.2212e-03, -3.4866e-03,  6.3433e-03,  4.3990e-01,
         -1.1846e+00,  9.4700e+00,  5.3293e-01,  2.6392e+00,  3.4154e+00,
         -2.8745e+00, -1.2728e+00,  1.8887e+01,  1.9016e+00, -1.8142e-01,
          2.2948e+00, -6.0287e-01,  3.1768e+00, -4.2990e+00,  1.7252e+00],
        [ 2.7693e-01,  5.8532e-01,  8.4038e-04, -3.4389e-02, -2.1625e-02,
          3.9321e-03,  1.0209e-02,  4.8561e-03,  4.7055e-03,  1.6114e+00,
          1.4720e-01,  1.1298e+00,  6.0429e+00, -4.0408e-01, -8.9540e-01,
          2.6652e+00, -4.2282e-01,  1.9016e+00,  2.3747e+01,  6.7981e-01,
         -2.1359e+00,  1.7751e+00,  5.6364e+00,  2.2430e+00, -9.6546e+00],
        [-4.3659e-01, -1.5656e+00,  4.4699e-03,  4.1080e-02,  3.2398e-03,
          6.9198e-04, -3.4977e-01,  3.4912e-03,  3.6711e-04, -1.2078e-01,
          8.9345e-01, -3.1135e-01, -3.9507e-01,  3.4914e-01,  2.7226e-01,
         -1.6394e-01,  7.2682e-01, -1.8142e-01,  6.7981e-01,  3.2097e+01,
          2.2055e-01,  7.1779e-01, -4.6182e-02,  5.6998e-01, -1.2415e+00],
        [ 3.7945e-01,  6.5376e-01,  1.9902e-02, -8.2486e-02,  1.3330e-02,
         -1.7122e-02, -1.1108e-01,  1.5337e-02, -3.2619e-03, -6.3255e-01,
          1.3915e+00,  1.4690e+00,  7.4778e-01, -1.6920e+00,  9.7069e+00,
          2.0207e+00,  8.0130e-02,  2.2948e+00, -2.1359e+00,  2.2055e-01,
          2.0596e+01,  7.5630e-01, -9.1553e-01,  2.1110e+00, -1.9517e+00],
        [ 9.4416e-02,  3.9921e-01, -3.1802e-02,  8.9268e-02,  1.1378e-02,
          7.7192e-03,  1.0223e-01, -2.8734e-02,  5.7914e-03, -2.5189e+00,
         -8.9200e+00, -1.8044e+00,  6.4080e-01,  2.4483e+00,  1.6512e+00,
          1.0287e-01,  5.7544e+00, -6.0287e-01,  1.7751e+00,  7.1779e-01,
          7.5630e-01,  2.2717e+01,  3.0885e+00,  5.7846e+00,  2.4769e+00],
        [ 5.4464e-02,  4.9346e-02,  3.9319e-02, -1.6284e-01,  2.0842e-02,
         -5.6849e-03, -5.9916e-02,  3.3058e-02, -4.7529e-03,  1.0795e+00,
          2.0116e+00,  1.9848e+00, -8.1015e+00, -3.8118e+00, -4.2460e+00,
          1.3854e+00,  1.8467e+00,  3.1768e+00,  5.6364e+00, -4.6182e-02,
         -9.1553e-01,  3.0885e+00,  2.2149e+01,  3.2378e+00,  5.5917e+00],
        [-5.9225e-02,  2.5106e-01, -1.1997e-02,  7.1301e-02, -1.3848e-02,
         -6.6078e-03,  2.4552e-01, -1.1936e-02, -6.0737e-03, -4.5586e-02,
          5.8889e+00, -1.0108e+00,  1.7980e+00,  1.4333e+00,  3.1990e+00,
         -3.9955e+00, -7.8918e+00, -4.2990e+00,  2.2430e+00,  5.6998e-01,
          2.1110e+00,  5.7846e+00,  3.2378e+00,  2.2241e+01,  2.8032e+00],
        [-8.9692e-02, -6.9977e-01,  4.4789e-03,  2.2765e-03, -1.8370e-02,
          4.5734e-03, -2.8785e-01,  7.6090e-03,  5.0351e-03,  1.4849e+00,
          1.0199e+00,  8.3061e-01,  5.6624e+00, -6.9458e-02, -6.0412e-01,
          2.5071e+00,  2.9123e-01,  1.7252e+00, -9.6546e+00, -1.2415e+00,
         -1.9517e+00,  2.4769e+00,  5.5917e+00,  2.8032e+00,  2.3195e+01]]
    
    py_posterior_cov = hcat(py_posterior_cov...)
    return py_posterior_cov
end

function get_py_Jacobians() 
    py_Js = [[[-1.4116e-01, -3.3338e-01,  2.1622e-04,  5.1066e-04, -2.5251e-10,
          -5.9637e-10, -6.2451e-02,  9.5659e-05, -1.1171e-10,  1.1823e-02,
           9.9997e-01,  1.3912e-11,  0.0000e+00,  0.0000e+00,  0.0000e+00,
           0.0000e+00,  0.0000e+00,  0.0000e+00,  0.0000e+00,  0.0000e+00,
           0.0000e+00,  1.0000e+00,  0.0000e+00,  0.0000e+00,  0.0000e+00],
         [ 1.5649e-02,  3.6959e-02, -5.3976e-04, -1.2748e-03,  1.3763e-10,
           3.2506e-10,  6.9234e-03, -2.3879e-04,  6.0891e-11,  0.0000e+00,
           0.0000e+00,  0.0000e+00,  1.1823e-02,  9.9997e-01,  1.3912e-11,
           0.0000e+00,  0.0000e+00,  0.0000e+00,  0.0000e+00,  0.0000e+00,
           0.0000e+00,  0.0000e+00,  1.0000e+00,  0.0000e+00,  0.0000e+00],
         [-1.5816e-01, -3.7354e-01,  2.8428e-05,  6.7139e-05,  1.2187e-10,
           2.8782e-10, -6.9973e-02,  1.2577e-05,  5.3916e-11,  0.0000e+00,
           0.0000e+00,  0.0000e+00,  0.0000e+00,  0.0000e+00,  0.0000e+00,
           1.1823e-02,  9.9997e-01,  1.3912e-11,  0.0000e+00,  0.0000e+00,
           0.0000e+00,  0.0000e+00,  0.0000e+00,  1.0000e+00,  0.0000e+00],
         [ 7.9583e-02,  1.8796e-01, -5.0401e-04, -1.1903e-03, -2.3398e-10,
          -5.5259e-10,  3.5209e-02, -2.2298e-04, -1.0351e-10,  0.0000e+00,
           0.0000e+00,  0.0000e+00,  0.0000e+00,  0.0000e+00,  0.0000e+00,
           0.0000e+00,  0.0000e+00,  0.0000e+00,  1.1823e-02,  9.9997e-01,
           1.3912e-11,  0.0000e+00,  0.0000e+00,  0.0000e+00,  1.0000e+00]],

        [[-9.9644e-04, -1.1949e-03,  0.0000e+00,  0.0000e+00, -1.7100e-09,
          -2.0506e-09, -2.3436e-04,  0.0000e+00, -4.0219e-10,  4.3847e-05,
           1.0000e+00,  5.0086e-11,  0.0000e+00,  0.0000e+00,  0.0000e+00,
           0.0000e+00,  0.0000e+00,  0.0000e+00,  0.0000e+00,  0.0000e+00,
           0.0000e+00,  1.0000e+00,  0.0000e+00,  0.0000e+00,  0.0000e+00],
         [ 1.1047e-04,  1.3247e-04, -0.0000e+00, -0.0000e+00,  9.3206e-10,
           1.1177e-09,  2.5981e-05, -0.0000e+00,  2.1922e-10,  0.0000e+00,
           0.0000e+00,  0.0000e+00,  4.3847e-05,  1.0000e+00,  5.0086e-11,
           0.0000e+00,  0.0000e+00,  0.0000e+00,  0.0000e+00,  0.0000e+00,
           0.0000e+00,  0.0000e+00,  1.0000e+00,  0.0000e+00,  0.0000e+00],
         [-1.1165e-03, -1.3388e-03,  0.0000e+00,  0.0000e+00,  8.2529e-10,
           9.8966e-10, -2.6259e-04,  0.0000e+00,  1.9411e-10,  0.0000e+00,
           0.0000e+00,  0.0000e+00,  0.0000e+00,  0.0000e+00,  0.0000e+00,
           4.3847e-05,  1.0000e+00,  5.0086e-11,  0.0000e+00,  0.0000e+00,
           0.0000e+00,  0.0000e+00,  0.0000e+00,  1.0000e+00,  0.0000e+00],
         [ 5.6177e-04,  6.7366e-04, -0.0000e+00, -0.0000e+00, -1.5845e-09,
          -1.9001e-09,  1.3213e-04, -0.0000e+00, -3.7267e-10,  0.0000e+00,
           0.0000e+00,  0.0000e+00,  0.0000e+00,  0.0000e+00,  0.0000e+00,
           0.0000e+00,  0.0000e+00,  0.0000e+00,  4.3847e-05,  1.0000e+00,
           5.0086e-11,  0.0000e+00,  0.0000e+00,  0.0000e+00,  1.0000e+00]],

        [[-8.9357e-02, -1.6078e-01,  4.1569e-04,  7.4796e-04, -1.7907e-07,
          -3.2221e-07, -4.2182e-02,  1.9623e-04, -8.4534e-08,  7.9550e-03,
           9.9993e-01,  1.0527e-08,  0.0000e+00,  0.0000e+00,  0.0000e+00,
           0.0000e+00,  0.0000e+00,  0.0000e+00,  0.0000e+00,  0.0000e+00,
           0.0000e+00,  1.0000e+00,  0.0000e+00,  0.0000e+00,  0.0000e+00],
         [ 9.9062e-03,  1.7824e-02, -1.0377e-03, -1.8672e-03,  9.7604e-08,
           1.7562e-07,  4.6764e-03, -4.8986e-04,  4.6076e-08,  0.0000e+00,
           0.0000e+00,  0.0000e+00,  7.9550e-03,  9.9993e-01,  1.0527e-08,
           0.0000e+00,  0.0000e+00,  0.0000e+00,  0.0000e+00,  0.0000e+00,
           0.0000e+00,  0.0000e+00,  1.0000e+00,  0.0000e+00,  0.0000e+00],
         [-1.0012e-01, -1.8015e-01,  5.4653e-05,  9.8339e-05,  8.6424e-08,
           1.5550e-07, -4.7263e-02,  2.5800e-05,  4.0798e-08,  0.0000e+00,
           0.0000e+00,  0.0000e+00,  0.0000e+00,  0.0000e+00,  0.0000e+00,
           7.9550e-03,  9.9993e-01,  1.0527e-08,  0.0000e+00,  0.0000e+00,
           0.0000e+00,  0.0000e+00,  0.0000e+00,  1.0000e+00,  0.0000e+00],
         [ 5.0378e-02,  9.0645e-02, -9.6898e-04, -1.7435e-03, -1.6593e-07,
          -2.9856e-07,  2.3782e-02, -4.5742e-04, -7.8329e-08,  0.0000e+00,
           0.0000e+00,  0.0000e+00,  0.0000e+00,  0.0000e+00,  0.0000e+00,
           0.0000e+00,  0.0000e+00,  0.0000e+00,  7.9550e-03,  9.9993e-01,
           1.0527e-08,  0.0000e+00,  0.0000e+00,  0.0000e+00,  1.0000e+00]],

        [[-5.1916e-03, -4.0665e-03,  3.0715e-05,  2.4059e-05, -1.5789e-04,
          -1.2367e-04, -1.7239e-03,  1.0199e-05, -5.2428e-05,  3.2263e-04,
           1.0000e+00,  6.5292e-06,  0.0000e+00,  0.0000e+00,  0.0000e+00,
           0.0000e+00,  0.0000e+00,  0.0000e+00,  0.0000e+00,  0.0000e+00,
           0.0000e+00,  1.0000e+00,  0.0000e+00,  0.0000e+00,  0.0000e+00],
         [ 5.7555e-04,  4.5082e-04, -7.6674e-05, -6.0058e-05,  8.6058e-05,
           6.7408e-05,  1.9112e-04, -2.5460e-05,  2.8577e-05,  0.0000e+00,
           0.0000e+00,  0.0000e+00,  3.2263e-04,  1.0000e+00,  6.5292e-06,
           0.0000e+00,  0.0000e+00,  0.0000e+00,  0.0000e+00,  0.0000e+00,
           0.0000e+00,  0.0000e+00,  1.0000e+00,  0.0000e+00,  0.0000e+00],
         [-5.8169e-03, -4.5563e-03,  4.0382e-06,  3.1631e-06,  7.6200e-05,
           5.9687e-05, -1.9316e-03,  1.3409e-06,  2.5303e-05,  0.0000e+00,
           0.0000e+00,  0.0000e+00,  0.0000e+00,  0.0000e+00,  0.0000e+00,
           3.2263e-04,  1.0000e+00,  6.5292e-06,  0.0000e+00,  0.0000e+00,
           0.0000e+00,  0.0000e+00,  0.0000e+00,  1.0000e+00,  0.0000e+00],
         [ 2.9269e-03,  2.2926e-03, -7.1596e-05, -5.6080e-05, -1.4630e-04,
          -1.1459e-04,  9.7192e-04, -2.3774e-05, -4.8580e-05,  0.0000e+00,
           0.0000e+00,  0.0000e+00,  0.0000e+00,  0.0000e+00,  0.0000e+00,
           0.0000e+00,  0.0000e+00,  0.0000e+00,  3.2263e-04,  1.0000e+00,
           6.5292e-06,  0.0000e+00,  0.0000e+00,  0.0000e+00,  1.0000e+00]],

        [[-2.4754e-02, -4.1487e-02,  3.0606e-05,  5.1296e-05, -2.7850e-09,
          -4.6676e-09, -8.5335e-03,  1.0551e-05, -9.6007e-10,  1.5990e-03,
           1.0000e+00,  1.1956e-10,  0.0000e+00,  0.0000e+00,  0.0000e+00,
           0.0000e+00,  0.0000e+00,  0.0000e+00,  0.0000e+00,  0.0000e+00,
           0.0000e+00,  1.0000e+00,  0.0000e+00,  0.0000e+00,  0.0000e+00],
         [ 2.7443e-03,  4.5993e-03, -7.6403e-05, -1.2805e-04,  1.5180e-09,
           2.5441e-09,  9.4603e-04, -2.6338e-05,  5.2329e-10,  0.0000e+00,
           0.0000e+00,  0.0000e+00,  1.5990e-03,  1.0000e+00,  1.1956e-10,
           0.0000e+00,  0.0000e+00,  0.0000e+00,  0.0000e+00,  0.0000e+00,
           0.0000e+00,  0.0000e+00,  1.0000e+00,  0.0000e+00,  0.0000e+00],
         [-2.7736e-02, -4.6484e-02,  4.0240e-06,  6.7441e-06,  1.3441e-09,
           2.2527e-09, -9.5613e-03,  1.3872e-06,  4.6335e-10,  0.0000e+00,
           0.0000e+00,  0.0000e+00,  0.0000e+00,  0.0000e+00,  0.0000e+00,
           1.5990e-03,  1.0000e+00,  1.1956e-10,  0.0000e+00,  0.0000e+00,
           0.0000e+00,  0.0000e+00,  0.0000e+00,  1.0000e+00,  0.0000e+00],
         [ 1.3956e-02,  2.3390e-02, -7.1343e-05, -1.1957e-04, -2.5805e-09,
          -4.3250e-09,  4.8110e-03, -2.4594e-05, -8.8960e-10,  0.0000e+00,
           0.0000e+00,  0.0000e+00,  0.0000e+00,  0.0000e+00,  0.0000e+00,
           0.0000e+00,  0.0000e+00,  0.0000e+00,  1.5990e-03,  1.0000e+00,
           1.1956e-10,  0.0000e+00,  0.0000e+00,  0.0000e+00,  1.0000e+00]],

        [[-1.1509e-04, -1.1563e-04,  0.0000e+00,  0.0000e+00, -1.9625e-09,
          -1.9717e-09, -2.2529e-05,  0.0000e+00, -3.8416e-10,  4.2148e-06,
           1.0000e+00,  4.7841e-11,  0.0000e+00,  0.0000e+00,  0.0000e+00,
           0.0000e+00,  0.0000e+00,  0.0000e+00,  0.0000e+00,  0.0000e+00,
           0.0000e+00,  1.0000e+00,  0.0000e+00,  0.0000e+00,  0.0000e+00],
         [ 1.2759e-05,  1.2819e-05, -0.0000e+00, -0.0000e+00,  1.0697e-09,
           1.0747e-09,  2.4976e-06, -0.0000e+00,  2.0939e-10,  0.0000e+00,
           0.0000e+00,  0.0000e+00,  4.2148e-06,  1.0000e+00,  4.7841e-11,
           0.0000e+00,  0.0000e+00,  0.0000e+00,  0.0000e+00,  0.0000e+00,
           0.0000e+00,  0.0000e+00,  1.0000e+00,  0.0000e+00,  0.0000e+00],
         [-1.2895e-04, -1.2956e-04,  0.0000e+00,  0.0000e+00,  9.4714e-10,
           9.5159e-10, -2.5242e-05,  0.0000e+00,  1.8540e-10,  0.0000e+00,
           0.0000e+00,  0.0000e+00,  0.0000e+00,  0.0000e+00,  0.0000e+00,
           4.2148e-06,  1.0000e+00,  4.7841e-11,  0.0000e+00,  0.0000e+00,
           0.0000e+00,  0.0000e+00,  0.0000e+00,  1.0000e+00,  0.0000e+00],
         [ 6.4886e-05,  6.5191e-05, -0.0000e+00, -0.0000e+00, -1.8184e-09,
          -1.8270e-09,  1.2701e-05, -0.0000e+00, -3.5596e-10,  0.0000e+00,
           0.0000e+00,  0.0000e+00,  0.0000e+00,  0.0000e+00,  0.0000e+00,
           0.0000e+00,  0.0000e+00,  0.0000e+00,  4.2148e-06,  1.0000e+00,
           4.7841e-11,  0.0000e+00,  0.0000e+00,  0.0000e+00,  1.0000e+00]],

        [[-1.0798e-02, -7.0585e-03,  1.4475e-04,  9.4622e-05, -2.5333e-03,
          -1.6560e-03, -4.2238e-03,  5.6622e-05, -9.9099e-04,  7.9084e-04,
           9.9998e-01,  1.2343e-04,  0.0000e+00,  0.0000e+00,  0.0000e+00,
           0.0000e+00,  0.0000e+00,  0.0000e+00,  0.0000e+00,  0.0000e+00,
           0.0000e+00,  1.0000e+00,  0.0000e+00,  0.0000e+00,  0.0000e+00],
         [ 1.1970e-03,  7.8251e-04, -3.6133e-04, -2.3621e-04,  1.3808e-03,
           9.0264e-04,  4.6826e-04, -1.4135e-04,  5.4015e-04,  0.0000e+00,
           0.0000e+00,  0.0000e+00,  7.9084e-04,  9.9998e-01,  1.2343e-04,
           0.0000e+00,  0.0000e+00,  0.0000e+00,  0.0000e+00,  0.0000e+00,
           0.0000e+00,  0.0000e+00,  1.0000e+00,  0.0000e+00,  0.0000e+00],
         [-1.2098e-02, -7.9087e-03,  1.9031e-05,  1.2440e-05,  1.2226e-03,
           7.9925e-04, -4.7326e-03,  7.4445e-06,  4.7827e-04,  0.0000e+00,
           0.0000e+00,  0.0000e+00,  0.0000e+00,  0.0000e+00,  0.0000e+00,
           7.9084e-04,  9.9998e-01,  1.2343e-04,  0.0000e+00,  0.0000e+00,
           0.0000e+00,  0.0000e+00,  0.0000e+00,  1.0000e+00,  0.0000e+00],
         [ 6.0875e-03,  3.9794e-03, -3.3740e-04, -2.2056e-04, -2.3474e-03,
          -1.5345e-03,  2.3813e-03, -1.3199e-04, -9.1825e-04,  0.0000e+00,
           0.0000e+00,  0.0000e+00,  0.0000e+00,  0.0000e+00,  0.0000e+00,
           0.0000e+00,  0.0000e+00,  0.0000e+00,  7.9084e-04,  9.9998e-01,
           1.2343e-04,  0.0000e+00,  0.0000e+00,  0.0000e+00,  1.0000e+00]],

        [[-3.1209e-04, -2.6722e-04,  0.0000e+00,  0.0000e+00, -5.0544e-07,
          -4.3277e-07, -7.0185e-05,  0.0000e+00, -1.1367e-07,  1.3131e-05,
           1.0000e+00,  1.4156e-08,  0.0000e+00,  0.0000e+00,  0.0000e+00,
           0.0000e+00,  0.0000e+00,  0.0000e+00,  0.0000e+00,  0.0000e+00,
           0.0000e+00,  1.0000e+00,  0.0000e+00,  0.0000e+00,  0.0000e+00],
         [ 3.4598e-05,  2.9624e-05, -0.0000e+00, -0.0000e+00,  2.7549e-07,
           2.3588e-07,  7.7808e-06, -0.0000e+00,  6.1956e-08,  0.0000e+00,
           0.0000e+00,  0.0000e+00,  1.3131e-05,  1.0000e+00,  1.4156e-08,
           0.0000e+00,  0.0000e+00,  0.0000e+00,  0.0000e+00,  0.0000e+00,
           0.0000e+00,  0.0000e+00,  1.0000e+00,  0.0000e+00,  0.0000e+00],
         [-3.4967e-04, -2.9940e-04,  0.0000e+00,  0.0000e+00,  2.4393e-07,
           2.0886e-07, -7.8639e-05,  0.0000e+00,  5.4859e-08,  0.0000e+00,
           0.0000e+00,  0.0000e+00,  0.0000e+00,  0.0000e+00,  0.0000e+00,
           1.3131e-05,  1.0000e+00,  1.4156e-08,  0.0000e+00,  0.0000e+00,
           0.0000e+00,  0.0000e+00,  0.0000e+00,  1.0000e+00,  0.0000e+00],
         [ 1.7595e-04,  1.5065e-04, -0.0000e+00, -0.0000e+00, -4.6834e-07,
          -4.0100e-07,  3.9569e-05, -0.0000e+00, -1.0532e-07,  0.0000e+00,
           0.0000e+00,  0.0000e+00,  0.0000e+00,  0.0000e+00,  0.0000e+00,
           0.0000e+00,  0.0000e+00,  0.0000e+00,  1.3131e-05,  1.0000e+00,
           1.4156e-08,  0.0000e+00,  0.0000e+00,  0.0000e+00,  1.0000e+00]],

        [[-9.0286e-03, -6.0859e-03,  1.0284e-04,  6.9323e-05, -1.5762e-03,
          -1.0625e-03, -3.3963e-03,  3.8686e-05, -5.9292e-04,  6.3580e-04,
           9.9999e-01,  7.3844e-05,  0.0000e+00,  0.0000e+00,  0.0000e+00,
           0.0000e+00,  0.0000e+00,  0.0000e+00,  0.0000e+00,  0.0000e+00,
           0.0000e+00,  1.0000e+00,  0.0000e+00,  0.0000e+00,  0.0000e+00],
         [ 1.0009e-03,  6.7469e-04, -2.5673e-04, -1.7305e-04,  8.5911e-04,
           5.7910e-04,  3.7652e-04, -9.6573e-05,  3.2317e-04,  0.0000e+00,
           0.0000e+00,  0.0000e+00,  6.3580e-04,  9.9999e-01,  7.3844e-05,
           0.0000e+00,  0.0000e+00,  0.0000e+00,  0.0000e+00,  0.0000e+00,
           0.0000e+00,  0.0000e+00,  1.0000e+00,  0.0000e+00,  0.0000e+00],
         [-1.0116e-02, -6.8189e-03,  1.3521e-05,  9.1143e-06,  7.6071e-04,
           5.1277e-04, -3.8054e-03,  5.0863e-06,  2.8616e-04,  0.0000e+00,
           0.0000e+00,  0.0000e+00,  0.0000e+00,  0.0000e+00,  0.0000e+00,
           6.3580e-04,  9.9999e-01,  7.3844e-05,  0.0000e+00,  0.0000e+00,
           0.0000e+00,  0.0000e+00,  0.0000e+00,  1.0000e+00,  0.0000e+00],
         [ 5.0901e-03,  3.4311e-03, -2.3973e-04, -1.6159e-04, -1.4605e-03,
          -9.8447e-04,  1.9148e-03, -9.0178e-05, -5.4940e-04,  0.0000e+00,
           0.0000e+00,  0.0000e+00,  0.0000e+00,  0.0000e+00,  0.0000e+00,
           0.0000e+00,  0.0000e+00,  0.0000e+00,  6.3580e-04,  9.9999e-01,
           7.3844e-05,  0.0000e+00,  0.0000e+00,  0.0000e+00,  1.0000e+00]],

        [[-5.1449e-02, -9.7968e-02,  7.3751e-05,  1.4043e-04, -1.3844e-09,
          -2.6361e-09, -1.9628e-02,  2.8136e-05, -5.2813e-10,  3.6856e-03,
           9.9999e-01,  6.5771e-11,  0.0000e+00,  0.0000e+00,  0.0000e+00,
           0.0000e+00,  0.0000e+00,  0.0000e+00,  0.0000e+00,  0.0000e+00,
           0.0000e+00,  1.0000e+00,  0.0000e+00,  0.0000e+00,  0.0000e+00],
         [ 5.7037e-03,  1.0861e-02, -1.8410e-04, -3.5057e-04,  7.5456e-10,
           1.4368e-09,  2.1759e-03, -7.0235e-05,  2.8786e-10,  0.0000e+00,
           0.0000e+00,  0.0000e+00,  3.6856e-03,  9.9999e-01,  6.5771e-11,
           0.0000e+00,  0.0000e+00,  0.0000e+00,  0.0000e+00,  0.0000e+00,
           0.0000e+00,  0.0000e+00,  1.0000e+00,  0.0000e+00,  0.0000e+00],
         [-5.7646e-02, -1.0977e-01,  9.6964e-06,  1.8464e-05,  6.6813e-10,
           1.2722e-09, -2.1992e-02,  3.6991e-06,  2.5489e-10,  0.0000e+00,
           0.0000e+00,  0.0000e+00,  0.0000e+00,  0.0000e+00,  0.0000e+00,
           3.6856e-03,  9.9999e-01,  6.5771e-11,  0.0000e+00,  0.0000e+00,
           0.0000e+00,  0.0000e+00,  0.0000e+00,  1.0000e+00,  0.0000e+00],
         [ 2.9006e-02,  5.5233e-02, -1.7191e-04, -3.2735e-04, -1.2828e-09,
          -2.4426e-09,  1.1066e-02, -6.5584e-05, -4.8937e-10,  0.0000e+00,
           0.0000e+00,  0.0000e+00,  0.0000e+00,  0.0000e+00,  0.0000e+00,
           0.0000e+00,  0.0000e+00,  0.0000e+00,  3.6856e-03,  9.9999e-01,
           6.5771e-11,  0.0000e+00,  0.0000e+00,  0.0000e+00,  1.0000e+00]],

        [[-4.5892e-02, -7.6402e-02,  1.2913e-04,  2.1498e-04, -5.4701e-08,
          -9.1067e-08, -1.8498e-02,  5.2050e-05, -2.2049e-08,  3.4728e-03,
           9.9998e-01,  2.7459e-09,  0.0000e+00,  0.0000e+00,  0.0000e+00,
           0.0000e+00,  0.0000e+00,  0.0000e+00,  0.0000e+00,  0.0000e+00,
           0.0000e+00,  1.0000e+00,  0.0000e+00,  0.0000e+00,  0.0000e+00],
         [ 5.0876e-03,  8.4700e-03, -3.2235e-04, -5.3666e-04,  2.9815e-08,
           4.9637e-08,  2.0507e-03, -1.2993e-04,  1.2018e-08,  0.0000e+00,
           0.0000e+00,  0.0000e+00,  3.4728e-03,  9.9998e-01,  2.7459e-09,
           0.0000e+00,  0.0000e+00,  0.0000e+00,  0.0000e+00,  0.0000e+00,
           0.0000e+00,  0.0000e+00,  1.0000e+00,  0.0000e+00,  0.0000e+00],
         [-5.1419e-02, -8.5604e-02,  1.6978e-05,  2.8265e-05,  2.6400e-08,
           4.3951e-08, -2.0726e-02,  6.8434e-06,  1.0641e-08,  0.0000e+00,
           0.0000e+00,  0.0000e+00,  0.0000e+00,  0.0000e+00,  0.0000e+00,
           3.4728e-03,  9.9998e-01,  2.7459e-09,  0.0000e+00,  0.0000e+00,
           0.0000e+00,  0.0000e+00,  0.0000e+00,  1.0000e+00,  0.0000e+00],
         [ 2.5873e-02,  4.3074e-02, -3.0100e-04, -5.0112e-04, -5.0686e-08,
          -8.4383e-08,  1.0429e-02, -1.2133e-04, -2.0430e-08,  0.0000e+00,
           0.0000e+00,  0.0000e+00,  0.0000e+00,  0.0000e+00,  0.0000e+00,
           0.0000e+00,  0.0000e+00,  0.0000e+00,  3.4728e-03,  9.9998e-01,
           2.7459e-09,  0.0000e+00,  0.0000e+00,  0.0000e+00,  1.0000e+00]],

        [[-9.2223e-01, -4.0398e+00,  5.1333e-03,  2.2486e-02, -2.0703e-10,
          -9.0689e-10, -7.7585e-01,  4.3185e-03, -1.7417e-10,  1.7619e-01,
           9.9853e-01,  2.1690e-11,  0.0000e+00,  0.0000e+00,  0.0000e+00,
           0.0000e+00,  0.0000e+00,  0.0000e+00,  0.0000e+00,  0.0000e+00,
           0.0000e+00,  1.0000e+00,  0.0000e+00,  0.0000e+00,  0.0000e+00],
         [ 1.0224e-01,  4.4786e-01, -1.2814e-02, -5.6133e-02,  1.1284e-10,
           4.9431e-10,  8.6012e-02, -1.0780e-02,  9.4932e-11,  0.0000e+00,
           0.0000e+00,  0.0000e+00,  1.7619e-01,  9.9853e-01,  2.1690e-11,
           0.0000e+00,  0.0000e+00,  0.0000e+00,  0.0000e+00,  0.0000e+00,
           0.0000e+00,  0.0000e+00,  1.0000e+00,  0.0000e+00,  0.0000e+00],
         [-1.0333e+00, -4.5264e+00,  6.7490e-04,  2.9564e-03,  9.9917e-11,
           4.3769e-10, -8.6930e-01,  5.6778e-04,  8.4058e-11,  0.0000e+00,
           0.0000e+00,  0.0000e+00,  0.0000e+00,  0.0000e+00,  0.0000e+00,
           1.7619e-01,  9.9853e-01,  2.1690e-11,  0.0000e+00,  0.0000e+00,
           0.0000e+00,  0.0000e+00,  0.0000e+00,  1.0000e+00,  0.0000e+00],
         [ 5.1994e-01,  2.2776e+00, -1.1966e-02, -5.2415e-02, -1.9183e-10,
          -8.4032e-10,  4.3741e-01, -1.0066e-02, -1.6138e-10,  0.0000e+00,
           0.0000e+00,  0.0000e+00,  0.0000e+00,  0.0000e+00,  0.0000e+00,
           0.0000e+00,  0.0000e+00,  0.0000e+00,  1.7619e-01,  9.9853e-01,
           2.1690e-11,  0.0000e+00,  0.0000e+00,  0.0000e+00,  1.0000e+00]],

        [[-4.9496e-02, -8.5667e-02,  1.2332e-04,  2.1344e-04, -2.5720e-08,
          -4.4517e-08, -1.9903e-02,  4.9589e-05, -1.0342e-08,  3.7375e-03,
           9.9998e-01,  1.2880e-09,  0.0000e+00,  0.0000e+00,  0.0000e+00,
           0.0000e+00,  0.0000e+00,  0.0000e+00,  0.0000e+00,  0.0000e+00,
           0.0000e+00,  1.0000e+00,  0.0000e+00,  0.0000e+00,  0.0000e+00],
         [ 5.4871e-03,  9.4972e-03, -3.0785e-04, -5.3282e-04,  1.4019e-08,
           2.4264e-08,  2.2064e-03, -1.2379e-04,  5.6372e-09,  0.0000e+00,
           0.0000e+00,  0.0000e+00,  3.7375e-03,  9.9998e-01,  1.2880e-09,
           0.0000e+00,  0.0000e+00,  0.0000e+00,  0.0000e+00,  0.0000e+00,
           0.0000e+00,  0.0000e+00,  1.0000e+00,  0.0000e+00,  0.0000e+00],
         [-5.5457e-02, -9.5986e-02,  1.6214e-05,  2.8063e-05,  1.2413e-08,
           2.1485e-08, -2.2300e-02,  6.5197e-06,  4.9915e-09,  0.0000e+00,
           0.0000e+00,  0.0000e+00,  0.0000e+00,  0.0000e+00,  0.0000e+00,
           3.7375e-03,  9.9998e-01,  1.2880e-09,  0.0000e+00,  0.0000e+00,
           0.0000e+00,  0.0000e+00,  0.0000e+00,  1.0000e+00,  0.0000e+00],
         [ 2.7905e-02,  4.8298e-02, -2.8746e-04, -4.9754e-04, -2.3832e-08,
          -4.1249e-08,  1.1221e-02, -1.1559e-04, -9.5832e-09,  0.0000e+00,
           0.0000e+00,  0.0000e+00,  0.0000e+00,  0.0000e+00,  0.0000e+00,
           0.0000e+00,  0.0000e+00,  0.0000e+00,  3.7375e-03,  9.9998e-01,
           1.2880e-09,  0.0000e+00,  0.0000e+00,  0.0000e+00,  1.0000e+00]],

        [[-6.6829e-03, -9.7143e-03,  4.8963e-06,  7.1173e-06, -1.5155e-09,
          -2.2030e-09, -1.9201e-03,  1.4068e-06, -4.3544e-10,  3.5936e-04,
           1.0000e+00,  5.4227e-11,  0.0000e+00,  0.0000e+00,  0.0000e+00,
           0.0000e+00,  0.0000e+00,  0.0000e+00,  0.0000e+00,  0.0000e+00,
           0.0000e+00,  1.0000e+00,  0.0000e+00,  0.0000e+00,  0.0000e+00],
         [ 7.4088e-04,  1.0769e-03, -1.2223e-05, -1.7767e-05,  8.2605e-10,
           1.2007e-09,  2.1287e-04, -3.5118e-06,  2.3734e-10,  0.0000e+00,
           0.0000e+00,  0.0000e+00,  3.5936e-04,  1.0000e+00,  5.4227e-11,
           0.0000e+00,  0.0000e+00,  0.0000e+00,  0.0000e+00,  0.0000e+00,
           0.0000e+00,  0.0000e+00,  1.0000e+00,  0.0000e+00,  0.0000e+00],
         [-7.4879e-03, -1.0884e-02,  6.4374e-07,  9.3575e-07,  7.3143e-10,
           1.0632e-09, -2.1514e-03,  1.8496e-07,  2.1015e-10,  0.0000e+00,
           0.0000e+00,  0.0000e+00,  0.0000e+00,  0.0000e+00,  0.0000e+00,
           3.5936e-04,  1.0000e+00,  5.4227e-11,  0.0000e+00,  0.0000e+00,
           0.0000e+00,  0.0000e+00,  0.0000e+00,  1.0000e+00,  0.0000e+00],
         [ 3.7677e-03,  5.4768e-03, -1.1413e-05, -1.6590e-05, -1.4043e-09,
          -2.0413e-09,  1.0825e-03, -3.2792e-06, -4.0347e-10,  0.0000e+00,
           0.0000e+00,  0.0000e+00,  0.0000e+00,  0.0000e+00,  0.0000e+00,
           0.0000e+00,  0.0000e+00,  0.0000e+00,  3.5936e-04,  1.0000e+00,
           5.4227e-11,  0.0000e+00,  0.0000e+00,  0.0000e+00,  1.0000e+00]],

        [[-9.2489e-04, -7.6343e-04,  1.3687e-06,  1.1298e-06, -5.5178e-06,
          -4.5546e-06, -2.3765e-04,  3.5170e-07, -1.4178e-06,  4.4463e-05,
           1.0000e+00,  1.7657e-07,  0.0000e+00,  0.0000e+00,  0.0000e+00,
           0.0000e+00,  0.0000e+00,  0.0000e+00,  0.0000e+00,  0.0000e+00,
           0.0000e+00,  1.0000e+00,  0.0000e+00,  0.0000e+00,  0.0000e+00],
         [ 1.0253e-04,  8.4635e-05, -3.4168e-06, -2.8203e-06,  3.0075e-06,
           2.4825e-06,  2.6347e-05, -8.7795e-07,  7.7279e-07,  0.0000e+00,
           0.0000e+00,  0.0000e+00,  4.4463e-05,  1.0000e+00,  1.7657e-07,
           0.0000e+00,  0.0000e+00,  0.0000e+00,  0.0000e+00,  0.0000e+00,
           0.0000e+00,  0.0000e+00,  1.0000e+00,  0.0000e+00,  0.0000e+00],
         [-1.0363e-03, -8.5538e-04,  1.7995e-07,  1.4854e-07,  2.6630e-06,
           2.1981e-06, -2.6628e-04,  4.6240e-08,  6.8427e-07,  0.0000e+00,
           0.0000e+00,  0.0000e+00,  0.0000e+00,  0.0000e+00,  0.0000e+00,
           4.4463e-05,  1.0000e+00,  1.7657e-07,  0.0000e+00,  0.0000e+00,
           0.0000e+00,  0.0000e+00,  0.0000e+00,  1.0000e+00,  0.0000e+00],
         [ 5.2144e-04,  4.3041e-04, -3.1905e-06, -2.6335e-06, -5.1128e-06,
          -4.2202e-06,  1.3398e-04, -8.1981e-07, -1.3138e-06,  0.0000e+00,
           0.0000e+00,  0.0000e+00,  0.0000e+00,  0.0000e+00,  0.0000e+00,
           0.0000e+00,  0.0000e+00,  0.0000e+00,  4.4463e-05,  1.0000e+00,
           1.7657e-07,  0.0000e+00,  0.0000e+00,  0.0000e+00,  1.0000e+00]],

        [[-3.0143e-03, -3.3294e-03,  3.7650e-06,  4.1586e-06, -2.0378e-07,
          -2.2508e-07, -8.4473e-04,  1.0551e-06, -5.7106e-08,  1.5806e-04,
           1.0000e+00,  7.1116e-09,  0.0000e+00,  0.0000e+00,  0.0000e+00,
           0.0000e+00,  0.0000e+00,  0.0000e+00,  0.0000e+00,  0.0000e+00,
           0.0000e+00,  1.0000e+00,  0.0000e+00,  0.0000e+00,  0.0000e+00],
         [ 3.3417e-04,  3.6910e-04, -9.3986e-06, -1.0381e-05,  1.1107e-07,
           1.2268e-07,  9.3647e-05, -2.6338e-06,  3.1126e-08,  0.0000e+00,
           0.0000e+00,  0.0000e+00,  1.5806e-04,  1.0000e+00,  7.1116e-09,
           0.0000e+00,  0.0000e+00,  0.0000e+00,  0.0000e+00,  0.0000e+00,
           0.0000e+00,  0.0000e+00,  1.0000e+00,  0.0000e+00,  0.0000e+00],
         [-3.3774e-03, -3.7304e-03,  4.9501e-07,  5.4675e-07,  9.8347e-08,
           1.0863e-07, -9.4647e-04,  1.3872e-07,  2.7561e-08,  0.0000e+00,
           0.0000e+00,  0.0000e+00,  0.0000e+00,  0.0000e+00,  0.0000e+00,
           1.5806e-04,  1.0000e+00,  7.1116e-09,  0.0000e+00,  0.0000e+00,
           0.0000e+00,  0.0000e+00,  0.0000e+00,  1.0000e+00,  0.0000e+00],
         [ 1.6994e-03,  1.8771e-03, -8.7762e-06, -9.6936e-06, -1.8882e-07,
          -2.0855e-07,  4.7624e-04, -2.4594e-06, -5.2914e-08,  0.0000e+00,
           0.0000e+00,  0.0000e+00,  0.0000e+00,  0.0000e+00,  0.0000e+00,
           0.0000e+00,  0.0000e+00,  0.0000e+00,  1.5806e-04,  1.0000e+00,
           7.1116e-09,  0.0000e+00,  0.0000e+00,  0.0000e+00,  1.0000e+00]],

        [[-2.2671e-03, -2.2688e-03,  3.8152e-06,  3.8180e-06, -8.4632e-07,
          -8.4695e-07, -6.2699e-04,  1.0551e-06, -2.3405e-07,  1.1731e-04,
           1.0000e+00,  2.9148e-08,  0.0000e+00,  0.0000e+00,  0.0000e+00,
           0.0000e+00,  0.0000e+00,  0.0000e+00,  0.0000e+00,  0.0000e+00,
           0.0000e+00,  1.0000e+00,  0.0000e+00,  0.0000e+00,  0.0000e+00],
         [ 2.5134e-04,  2.5153e-04, -9.5238e-06, -9.5309e-06,  4.6129e-07,
           4.6164e-07,  6.9509e-05, -2.6338e-06,  1.2757e-07,  0.0000e+00,
           0.0000e+00,  0.0000e+00,  1.1731e-04,  1.0000e+00,  2.9148e-08,
           0.0000e+00,  0.0000e+00,  0.0000e+00,  0.0000e+00,  0.0000e+00,
           0.0000e+00,  0.0000e+00,  1.0000e+00,  0.0000e+00,  0.0000e+00],
         [-2.5402e-03, -2.5421e-03,  5.0160e-07,  5.0197e-07,  4.0845e-07,
           4.0876e-07, -7.0250e-04,  1.3872e-07,  1.1296e-07,  0.0000e+00,
           0.0000e+00,  0.0000e+00,  0.0000e+00,  0.0000e+00,  0.0000e+00,
           1.1731e-04,  1.0000e+00,  2.9148e-08,  0.0000e+00,  0.0000e+00,
           0.0000e+00,  0.0000e+00,  0.0000e+00,  1.0000e+00,  0.0000e+00],
         [ 1.2782e-03,  1.2791e-03, -8.8931e-06, -8.8998e-06, -7.8420e-07,
          -7.8478e-07,  3.5348e-04, -2.4594e-06, -2.1687e-07,  0.0000e+00,
           0.0000e+00,  0.0000e+00,  0.0000e+00,  0.0000e+00,  0.0000e+00,
           0.0000e+00,  0.0000e+00,  0.0000e+00,  1.1731e-04,  1.0000e+00,
           2.9148e-08,  0.0000e+00,  0.0000e+00,  0.0000e+00,  1.0000e+00]],

        [[-5.6824e-02, -4.6055e-02,  1.6601e-03,  1.3455e-03, -4.4392e-03,
          -3.5979e-03, -3.2060e-02,  9.3663e-04, -2.5046e-03,  6.0343e-03,
           9.9968e-01,  3.1200e-04,  0.0000e+00,  0.0000e+00,  0.0000e+00,
